1855
1858
1959
2001
2013
2015
1999
2001
2013
2023
2015
2035
2142
2064
2000
1984
1978
1958
1703
2845
3123
2000
1902
1877
1872
1839
1811
1763
1739
1718
1773
1851
1856
1855
1840
1840
1843
1842
1841
1845
1840
1870
1954
1840
1807
1739
1758
1769
1535
4095
1857
1744
1713
1712
1700
1657
1618
1569
1535
1574
1654
1675
1680
1680
1664
1678
1681
1687
1683
1674
1686
1776
1745
1668
1664
1647
1648
1488
2047
2699
1701
1610
1609
1605
1566
1535
1505
1456
1441
1508
1593
1618
1613
1616
1616
1630
1648
1658
1662
1681
1744
1756
1677
1668
1664
1651
1588
1739
3455
1760
1641
1619
1602
1609
1583
1552
1518
1491
1552
1664
1695
1692
1706
1714
1729
1743
1765
1767
1774
1808
1948
1834
1793
1797
1803
1791
1446
3381
2273
1823
1781
1774
1775
1751
1732
1698
1680
1673
1755
1808
1823
1810
1823
1834
1847
1853
1856
1869
1871
1886
1954
1939
1871
1866
1872
1872
1776
2079
3835
1975
1845
1829
1828
1815
1797
1761
1715
1712
1751
1811
1842
1846
1826
1840
1853
1860
1870
1858
1846
1847
1865
1963
1887
1815
1830
1797
1787
1620
2303
3055
1853
1751
1737
1728
1712
1680
1659
1611
1605
1657
1735
1763
1751
1750
1741
1744
1741
1751
1761
1745
1773
1879
1762
1712
1730
1713
1705
1367
2883
2112
1703
1611
1650
1651
1625
1600
1535
1508
1488
1584
1648
1675
1676
1651
1664
1680
1674
1679
1691
1725
1811
1711
1667
1664
1667
1664
1353
4075
1842
1677
1658
1653
1648
1619
1600
1561
1531
1573
